DATE	TIME	CAN0.trq_req	Average Torque	Average Speed	Average Voltage	Average Current	Vibration	CAN0.v_bus_filt	CAN0.spd_act	CAN0.trq_des	CAN0.mtr_temp1	CAN0.mtr_temp2	CAN0.inv_temp1	CAN0.inv_temp2	CAN0.inv_temp3	CAN0.phs_ia	CAN0.phs_ib	CAN0.phs_ic
Mo/Day/Yr	Hr:Min:Sec	(Nm or % Trq)	(Nm)	(RPM)	(V)	(A)	(mm/s)	(V)	(rpm)	(Nm)	(C)	(C)	(C)	(C)	(C)	(Arms)	(Arms)	(Arms)
05/18/2022	14:26:27.6581	10	1.66060221	26.21419	297.4434	0.21885	0.105729684	310.4	423	26.2	25	24	24	24	24	-22.3	-33.8	55.7
05/18/2022	14:26:28.6581	10	6.04122829	119.550117	316.722443	0.89103	0.227738425	315.1	500	26.4	24	24	24	24	24	-57.7	19	35.4
05/18/2022	14:26:29.6581	10	10.4630108	219.454315	319.428162	1.75052	0.290547848	316.7	499	26.4	25	24	24	25	25	-58.1	20.8	34.1
05/18/2022	14:26:30.6581	10	14.89036	319.405823	319.457367	2.66555	0.319430739	317.4	499	26.4	24	24	25	25	25	-56.7	22.7	33.7
05/18/2022	14:26:31.6581	10	19.3162575	419.358765	319.4579	3.52491	0.330028057	317.6	501	26.4	25	24	24	24	24	-57.7	21.7	34.5
05/18/2022	14:26:32.6581	10	22.1796627	493.093384	319.4591	4.22569	0.3356384	317.7	499	26.4	25	24	23	23	22	-56.6	24.1	33.8
05/18/2022	14:26:33.6581	10	22.22239	499.709625	319.4599	4.54526	0.3369544	317.7	499	26.4	25	24	22	22	21	-56.6	26.4	31.7
05/18/2022	14:26:34.6581	10	22.2260666	499.758331	319.45993	4.58319	0.3389064	317.7	501	26.4	25	24	21	21	21	-57.2	23.1	32.9
05/18/2022	14:26:35.6581	10	22.2225037	499.759552	319.4599	4.58279	0.336002052	317.7	499	26.4	25	24	21	20	20	-57.7	26.6	31.9
05/18/2022	14:26:36.6581	10	22.21314	499.758972	319.459839	4.70563	0.331067026	317.7	499	26.4	25	24	20	20	20	-57.2	25.8	29.8
05/18/2022	14:26:37.6581	10.63	22.2188282	499.758759	319.459839	4.96571	0.328894675	317.7	502	26.4	25	24	20	19	19	-56.4	24.8	31.9
05/18/2022	14:26:38.6581	100	42.92263	609.9153	319.421448	6.86143	0.4789447	317.2	2335	261.5	25	24	19	19	19	-559.2	225.5	345.2
05/18/2022	14:26:39.6581	100	88.2945862	1096.8147	319.379547	46.01724	1.38599432	315.7	3506	264.9	24	24	20	21	20	195	-544.1	250.9
05/18/2022	14:26:40.6581	100	135.051865	1695.109	319.378174	107.633247	2.131112	315	3506	264.9	25	23	22	22	21	184	-549.8	260.7
05/18/2022	14:26:41.6581	100	181.8146	2294.86084	319.3781	170.065857	2.470377	314.7	3492	264.9	25	24	22	22	22	268.3	-559.2	282.9
05/18/2022	14:26:42.6581	100	228.567749	2894.623	319.3781	232.506973	2.60325933	314.8	3499	264.9	25	24	22	22	22	255.5	-557.8	295.4
05/18/2022	14:26:43.6581	100	254.61615	3384.22876	319.4164	293.1483	2.58744431	314.7	3497	264.9	25	24	23	23	22	243.9	-556	308.8
05/18/2022	14:26:44.6581	100	255.98642	3497.09058	319.4583	316.363342	2.600027	314.6	3506	264.9	25	25	23	23	22	229.2	-552.9	320.3
05/18/2022	14:26:45.6581	100	255.983109	3498.559	319.459656	317.315552	2.66478872	314.6	3493	264.9	25	24	22	22	21	218.9	-549.4	331.7
05/18/2022	14:26:46.6581	100	255.976089	3498.56885	319.459747	317.215851	2.72019958	314.7	3506	264.9	25	25	22	22	21	187.1	-544.6	356
05/18/2022	14:26:47.6581	100	255.964737	3498.569	319.459778	317.1684	2.74644637	314.7	3506	264.9	25	25	22	22	21	278.6	-555.2	271.5
05/18/2022	14:26:48.6581	100	255.963226	3498.569	319.459717	316.931274	2.75702477	314.6	3499	264.9	26	25	22	22	21	518	-84.8	-448.5
05/18/2022	14:26:49.6581	100	254.498413	3515.78931	319.4581	317.244141	2.75910258	314.3	3782	264.9	26	26	22	22	21	-498.8	319.5	188.7
05/18/2022	14:26:50.6581	100	249.248032	3595.00781	319.4577	318.2642	2.723306	314.1	4110	264.9	26	25	22	22	21	-398.7	411.7	-8.3
05/18/2022	14:26:51.6581	100	243.84996	3741.16772	319.4477	321.517731	2.64527941	313.3	4432	264.9	27	27	21	21	20	96.3	394.3	-460.7
05/18/2022	14:26:52.6581	100	238.569656	3936.45776	319.446533	329.901855	2.96963286	313.4	4495	264.9	27	28	21	21	20	274.6	-506	228
05/18/2022	14:26:53.6581	100	233.29866	4136.34033	319.446533	339.034058	3.077231	313.5	4491	264.9	28	28	21	21	20	320.9	-482.5	152.4
05/18/2022	14:26:54.6581	100	229.494	4319.037	319.448	347.767761	3.05562067	313.5	4503	264.9	28	28	21	21	20	275	-493.7	214.3
05/18/2022	14:26:55.6581	100	229.472778	4439.735	319.4483	355.694733	2.97343922	313.6	4492	264.9	28	29	21	21	20	371.6	107.6	-494.3
05/18/2022	14:26:56.6581	100	229.6003	4493.4917	319.4582	361.32547	3.005439	313.7	4509	264.9	28	29	21	21	20	287.3	-499.7	209.3
05/18/2022	14:26:57.6581	100	229.612427	4498.118	319.459229	361.901978	3.03743887	313.6	4494	264.9	29	29	21	21	20	246.7	-497.9	247.6
05/18/2022	14:26:58.6581	100	229.6062	4498.15234	319.4592	361.668518	2.9572835	313.6	4490	264.9	29	30	21	21	20	391.2	84.1	-491.2
05/18/2022	14:26:59.6581	100	229.606964	4498.151	319.459167	361.666931	2.91910172	313.7	4503	264.9	30	30	21	20	20	263.4	-501.9	234.9
05/18/2022	14:27:00.6581	100	229.5933	4498.151	319.459167	361.815948	2.85814977	313.7	4492	264.9	30	30	21	20	20	236.2	-486.6	142.4
05/18/2022	14:27:01.6581	100	229.587158	4498.15332	319.4591	361.966034	2.79719782	313.7	4489	264.9	30	30	21	20	20	288.7	-494.4	201.7
05/18/2022	14:27:02.6581	100	229.584854	4498.15137	319.459045	361.839172	2.912037	313.8	4503	264.9	30	30	20	20	20	268.8	-500.1	225.3
05/18/2022	14:27:03.6581	100	229.580261	4498.151	319.459045	361.848	2.88325787	313.8	4494	264.9	30	31	20	20	20	226.6	-499.7	268.4
05/18/2022	14:27:04.6581	100	229.567429	4498.152	319.459076	362.1662	2.906162	313.7	4492	264.9	30	31	20	20	19	309.1	-497	181.7
05/18/2022	14:27:05.6581	100	229.563629	4498.15137	319.459076	362.0759	3.21374965	313.8	4490	264.9	31	31	20	20	19	288.6	-497.1	202.1
05/18/2022	14:27:06.6581	100	229.557144	4498.15	319.4591	362.1165	3.18611336	313.8	4503	264.9	30	31	20	20	20	246.4	-500.6	245.5
05/18/2022	14:27:07.6581	100	229.5462	4498.152	319.459	362.172363	3.01005769	313.8	4496	264.9	31	32	20	20	19	233.3	-509.4	272.8
05/18/2022	14:27:08.6581	100	229.535629	4498.152	319.459076	362.282349	2.93799186	313.8	4491	264.9	31	32	20	20	19	307.3	-489.5	175.9
05/18/2022	14:27:09.6581	100	229.533875	4498.15332	319.459	361.802216	2.91692	313.9	4489	264.9	31	32	20	20	19	289.3	-489.9	196.1
05/18/2022	14:27:10.6581	100	229.526443	4498.15332	319.459	361.648041	2.93094587	313.9	4488	264.9	31	32	20	20	19	269.2	-494.9	221.3
05/18/2022	14:27:11.6581	100	229.513031	4498.15234	319.459045	361.778	2.92720556	313.9	4509	264.9	32	32	20	20	19	250.8	-497.6	240.6
05/18/2022	14:27:12.6581	100	229.512543	4498.153	319.459167	361.878632	2.961907	313.9	4503	264.9	32	33	20	20	19	240.8	-501.1	258.1
05/18/2022	14:27:13.6581	100	229.509918	4498.15332	319.459137	362.017059	2.91148281	313.9	4507	264.9	32	33	20	20	19	241.9	-498.8	250.8
05/18/2022	14:27:14.6581	100	229.498428	4498.153	319.4592	362.175964	2.99078965	313.9	4502	264.9	32	33	20	20	19	226	-498.5	269
05/18/2022	14:27:15.6581	100	229.4865	4498.15234	319.459137	362.358368	3.015517	313.9	4503	264.9	33	33	20	20	19	244.8	-502.8	252.4
05/18/2022	14:27:16.6581	100	229.4848	4498.153	319.459167	362.2238	3.048036	313.9	4509	264.9	33	34	20	20	19	244.9	-508	259.5
05/18/2022	14:27:17.6581	100	229.469055	4498.153	319.459076	362.138428	3.08990622	313.9	4504	264.9	33	34	20	20	19	237.4	-508.2	267.6
05/18/2022	14:27:18.6581	100	229.461349	4498.152	319.459045	362.0534	3.15795779	313.9	4509	264.9	33	34	20	20	19	248.4	-496.2	242.2
05/18/2022	14:27:19.6581	100	229.451813	4498.15137	319.459	362.1326	3.22268462	313.9	4490	264.9	33	34	20	20	19	259.3	-503.8	238.4
05/18/2022	14:27:20.6581	100	229.44368	4498.152	319.459	361.928375	3.31130767	313.9	4491	264.9	33	35	20	20	19	256.4	-504.7	244.4
05/18/2022	14:27:21.6581	100	229.432571	4498.15137	319.458984	361.950958	3.36200857	314	4489	264.9	34	35	20	20	19	262	-492.6	226
05/18/2022	14:27:22.6581	100	229.424652	4498.15234	319.459045	362.1237	3.4135294	314	4493	264.9	34	35	20	20	19	284.5	-503.6	214.3
05/18/2022	14:27:23.6581	100	229.415558	4498.15234	319.459045	361.9301	3.45670366	314	4494	264.9	34	35	20	20	19	181.3	-506	211.1
05/18/2022	14:27:24.6581	100	229.408783	4498.153	319.4591	361.7417	3.49863148	313.9	4503	264.9	34	36	20	20	19	218.6	-506.8	285.6
05/18/2022	14:27:25.6581	100	229.407486	4498.153	319.459045	361.704926	3.52735281	314	4503	264.9	35	36	20	20	19	211.5	-503.3	287.8
05/18/2022	14:27:26.6581	100	229.399948	4498.15332	319.458984	361.621429	3.55513167	314	4490	264.9	35	36	20	20	19	250.5	-506	251.3
05/18/2022	14:27:27.6581	100	229.394745	4498.153	319.458923	361.4988	3.571944	313.9	4491	264.9	35	36	20	20	19	274.2	-495.6	218.3
05/18/2022	14:27:28.6581	100	229.388	4498.15234	319.458954	361.47287	3.53173947	313.9	4495	264.9	35	37	20	20	19	179.9	-505.9	322.7
05/18/2022	14:27:29.6581	100	229.380249	4498.15234	319.458954	361.6185	3.53728056	313.9	4510	264.9	35	37	20	20	19	224.3	-506.5	278.4
05/18/2022	14:27:30.6581	100	229.373856	4498.152	319.459076	361.58728	3.54351425	313.9	4491	264.9	36	37	20	20	19	257.6	-505.4	238.9
05/18/2022	14:27:31.6581	100	229.3658	4498.151	319.4591	361.363251	3.55471182	314	4504	264.9	36	37	20	20	19	203.7	-509.1	302.6
05/18/2022	14:27:32.6581	100	229.365067	4498.15137	319.4592	361.475067	3.54013777	314	4490	264.9	36	38	20	20	19	239.1	-503.8	261.3
05/18/2022	14:27:33.6581	100	229.3562	4498.15234	319.4592	361.787872	3.600449	314	4496	264.9	36	38	20	20	19	180.9	-506.8	326
05/18/2022	14:27:34.6581	100	229.356384	4498.15234	319.4591	361.6353	3.60813737	313.9	4508	264.9	36	38	20	20	19	211.8	-500.7	286.7
05/18/2022	14:27:35.6581	100	229.347763	4498.15332	319.459167	361.7811	3.586867	314	4489	264.9	37	38	20	20	19	242.6	-496.2	249.2
05/18/2022	14:27:36.6581	100	229.347763	4498.154	319.459045	361.831	3.567872	314	4494	264.9	37	39	20	20	19	168	-494.8	328.7
05/18/2022	14:27:37.6581	100	229.331375	4498.15234	319.459	361.652557	3.61187768	314	4489	264.9	37	39	20	20	19	217.7	-497.6	276.6
05/18/2022	14:27:38.6581	100	229.325623	4498.15039	319.459045	361.339722	3.60608244	314	4491	264.9	37	39	20	20	19	243.9	-497.4	250.1
05/18/2022	14:27:39.6581	100	229.3154	4498.14941	319.459045	361.274658	3.57748818	314	4508	264.9	37	39	20	20	19	198.5	-497	294.9
05/18/2022	14:27:40.6581	100	229.308716	4498.149	319.458984	361.2109	3.54434538	314	4492	264.9	38	40	20	20	19	151	-500.1	236.2
05/18/2022	14:27:41.6581	100	229.297852	4498.14941	319.4591	361.611328	3.55090237	314	4509	264.9	38	40	20	20	19	205.5	-506	296.9
05/18/2022	14:27:42.6581	100	229.293839	4498.15039	319.459045	361.726929	3.56755877	314	4493	264.9	38	40	20	20	19	142.5	-507.3	252.1
05/18/2022	14:27:43.6581	100	229.282349	4498.15234	319.458984	361.67	3.589436	314	4509	264.9	39	40	20	20	19	190.6	-507.3	314.4
05/18/2022	14:27:44.6581	100	229.2736	4498.152	319.458954	361.6025	3.61239719	314	4500	264.9	39	41	20	20	19	176.4	-503.8	327.2
05/18/2022	14:27:45.6581	100	229.259888	4498.153	319.4589	361.292816	3.62619781	313.9	4491	264.9	39	41	20	20	19	221.6	-505.1	279.7
05/18/2022	14:27:46.6581	100	229.245071	4498.15234	319.458862	361.051056	3.64772153	313.9	4490	264.9	39	41	20	20	19	205	-505.5	295
05/18/2022	14:27:47.6581	100	229.233932	4498.152	319.458832	361.013733	3.66478872	313.9	4496	264.9	39	41	20	20	19	145.9	-501.2	352
05/18/2022	14:27:48.6581	100	229.224991	4498.151	319.458862	361.267548	3.67837071	313.9	4490	264.9	40	41	20	20	19	194.1	-501.5	304.1
05/18/2022	14:27:49.6581	100	229.21843	4498.153	319.4589	361.30246	3.69437075	313.9	4499	264.9	40	41	20	20	19	175.4	-504.2	325.7
05/18/2022	14:27:50.6581	100	229.208923	4498.152	319.458984	361.34024	3.70465636	313.9	4493	264.9	40	42	20	20	19	226.3	-506.4	279.5
05/18/2022	14:27:51.6581	100	229.200226	4498.15039	319.459045	361.305145	3.70559144	313.8	4491	264.9	41	42	20	20	19	216.3	-505.9	289
05/18/2022	14:27:52.6581	100	229.19249	4498.151	319.459259	361.390045	3.70606375	313.8	4490	264.9	41	42	20	20	19	199.8	-503.8	301.9
05/18/2022	14:27:53.6581	100	229.186081	4498.152	319.459167	361.1864	3.70953941	313.8	4498	264.9	41	42	20	20	19	145.6	-495.2	349.8
05/18/2022	14:27:54.6581	100	229.174866	4498.15137	319.4592	361.534424	3.71089	313.8	4495	264.9	41	42	20	20	19	130.2	-494.1	368.7
05/18/2022	14:27:55.6581	100	229.1715	4498.15039	319.459259	361.885437	3.7084775	313.8	4493	264.9	41	43	20	20	19	117.1	-506.8	274.1
05/18/2022	14:27:56.6581	100	229.160614	4498.15039	319.459229	361.877472	3.69462466	313.8	4493	264.9	41	43	20	20	19	219.1	-505.8	283.1
05/18/2022	14:27:57.6581	100	229.1491	4498.14941	319.459	361.4727	3.70389128	313.9	4494	264.9	41	43	20	20	19	206.9	-504.6	296.1
05/18/2022	14:27:58.6581	100	229.1419	4498.15	319.459076	361.823151	3.730432	313.8	4490	264.9	42	43	20	20	19	198.5	-506.9	305.8
05/18/2022	14:27:59.6581	100	229.135117	4498.15039	319.459045	361.8068	3.7436	313.8	4496	264.9	42	43	20	20	19	199.9	-495.3	289.5
05/18/2022	14:28:00.6581	100	229.120163	4498.151	319.459	361.7918	3.73021483	313.8	4497	264.9	42	43	20	20	19	117.4	-491.2	273.3
05/18/2022	14:28:01.6581	100	229.11731	4498.151	319.459	361.775116	3.70912385	313.7	4494	264.9	42	43	20	19	19	174.8	-498.8	323.1
05/18/2022	14:28:02.6581	100	229.1082	4498.153	319.459045	362.148682	3.705903	313.6	4512	264.9	42	44	19	19	19	163.2	-500.1	334.7
05/18/2022	14:28:03.6581	100	229.097626	4498.15137	319.459045	361.771667	3.714942	313.5	4506	264.9	42	44	20	19	19	150.4	-498.3	346.1
05/18/2022	14:28:04.6581	100	229.085754	4498.15137	319.458923	361.523529	3.71785116	313.5	4500	264.9	42	44	20	19	19	141.4	-496.1	352.2
05/18/2022	14:28:05.6581	100	229.083755	4498.152	319.458923	361.814972	3.72703171	313.5	4499	264.9	43	44	20	20	19	130.3	-494.6	362.7
05/18/2022	14:28:06.6581	100	229.073471	4498.153	319.4589	361.971039	3.72879481	313.5	4501	264.9	43	45	20	19	19	116.1	-492.1	377.2
05/18/2022	14:28:07.6581	100	229.067032	4498.152	319.458923	361.7662	3.7289207	313.5	4496	264.9	43	45	20	20	19	104.8	-490.4	386.1
05/18/2022	14:28:08.6581	100	229.0595	4498.152	319.458954	361.705383	3.73478627	313.4	4497	264.9	43	45	20	20	19	93	-482.8	391.8
05/18/2022	14:28:09.6581	100	229.052261	4498.15137	319.459167	361.710571	3.74412727	313.4	4497	264.9	43	45	20	20	19	80	-501.1	299.7
05/18/2022	14:28:10.6581	100	229.03656	4498.15234	319.459229	361.416443	3.74214387	313.4	4491	264.9	43	45	20	19	19	185.6	-503.2	316.1
05/18/2022	14:28:11.6581	100	229.023621	4498.15137	319.4593	361.49353	3.76450038	313.4	4494	264.9	43	45	19	19	19	-498.9	58.6	427
05/18/2022	14:28:12.6581	100	229.012238	4498.14941	319.4593	361.798767	3.77462435	313.4	4494	264.9	44	46	19	20	19	167	-499.8	330.2
05/18/2022	14:28:13.6581	100	228.99826	4498.151	319.459351	362.029938	3.78050017	313.2	4495	264.9	44	46	19	20	19	162.6	-494.8	331.7
05/18/2022	14:28:14.6581	100	228.9831	4498.151	319.45932	361.671967	3.7786963	313.2	4512	264.9	44	46	20	20	19	149	-493.2	343.6
05/18/2022	14:28:15.6581	100	228.976074	4498.151	319.4593	361.671967	3.78131986	313.2	4493	264.9	44	46	20	19	19	-484.2	99.8	395.3
05/18/2022	14:28:16.6581	100	228.964371	4498.15137	319.4592	361.511169	3.78483558	313.2	4486	264.9	44	46	20	19	19	127.8	-492.2	364.6
05/18/2022	14:28:17.6581	100	228.955475	4498.15234	319.4593	361.3678	3.80544662	313.1	4506	264.9	44	46	20	20	19	115.7	-487.8	369.3
05/18/2022	14:28:18.6581	100	228.949966	4498.153	319.459137	361.297028	3.79608464	313.2	4505	264.9	45	47	20	20	19	-493.1	133.1	369.6
05/18/2022	14:28:19.6581	100	228.94429	4498.15332	319.4592	361.822479	3.792633	313.1	4501	264.9	45	47	20	20	19	88.7	-484	395.3
05/18/2022	14:28:20.6581	100	228.93219	4498.153	319.459229	361.660553	3.790682	313.1	4501	264.9	45	47	20	20	19	-498.5	149.3	355.4
05/18/2022	14:28:21.6581	100	228.927032	4498.15137	319.4593	361.591	3.78417444	313.2	4497	264.9	45	47	20	20	19	-496.2	161.3	342.3
05/18/2022	14:28:22.6581	100	228.920547	4498.153	319.459167	361.466675	3.78476	313	4497	264.9	45	47	20	19	19	-499.2	171.7	334.6
05/18/2022	14:28:23.6581	100	228.9097	4498.15332	319.45932	361.474274	3.78714967	313	4495	264.9	45	48	20	20	19	-502.8	186.5	417.2
05/18/2022	14:28:24.6581	100	228.898834	4498.152	319.459229	361.22406	3.79016256	313.1	4495	264.9	45	48	19	19	19	155.3	-498.7	340.5
05/18/2022	14:28:25.6581	100	228.888168	4498.15137	319.459137	361.170715	3.79494166	313	4495	264.9	45	48	19	19	19	147.6	-492	344.1
05/18/2022	14:28:26.6581	100	228.878815	4498.15332	319.459076	360.8548	3.79540348	313	4495	264.9	45	48	20	20	19	-483.1	99.3	395.1
05/18/2022	14:28:27.6581	100	228.866028	4498.153	319.4591	360.861176	3.80231833	313	4493	264.9	46	48	20	20	19	-487.3	109.8	386.6
05/18/2022	14:28:28.6581	100	228.854752	4498.15137	319.459	360.701538	3.81831837	313	4493	264.9	46	48	20	20	19	-488.6	118.9	377.2
05/18/2022	14:28:29.6581	100	228.842056	4498.15234	319.459	360.692474	3.82214355	312.9	4492	264.9	46	48	20	20	19	-493.9	133	369.9
05/18/2022	14:28:30.6581	100	228.831726	4498.153	319.459045	360.465637	3.810988	312.8	4511	264.9	46	49	20	20	19	-496.7	143.1	360.8
05/18/2022	14:28:31.6581	100	228.825165	4498.15234	319.459	360.842255	3.79494166	312.9	4501	264.9	46	49	20	20	19	-494.5	151.8	351.8
05/18/2022	14:28:32.6581	100	228.816132	4498.15234	319.459	360.8825	3.80383062	312.8	4501	264.9	47	49	20	20	19	-493.6	162.9	342
05/18/2022	14:28:33.6581	100	228.805557	4498.15234	319.459	360.854858	3.83795452	312.9	4501	264.9	47	49	20	19	19	-497.7	170	335.7
05/18/2022	14:28:34.6581	100	228.79483	4498.153	319.459045	360.836853	3.85301948	312.9	4497	264.9	47	50	20	20	19	-498.4	184.9	323.3
05/18/2022	14:28:35.6581	100	228.789749	4498.153	319.459076	361.275482	3.86891556	312.9	4498	264.9	47	49	20	20	19	-502.4	195.4	313.8
05/18/2022	14:28:36.6581	100	228.7765	4498.153	319.459167	361.3428	3.87782741	312.8	4495	264.9	47	50	20	20	19	-501.6	208	397.4
05/18/2022	14:28:37.6581	100	228.756439	4498.15234	319.459137	361.114929	3.866252	312.8	4495	264.9	47	50	20	20	19	-502	101.4	392.4
05/18/2022	14:28:38.6581	100	228.753571	4498.153	319.459167	361.3965	3.831494	312.7	4494	264.9	48	50	20	20	19	-483.1	106.4	386.7
05/18/2022	14:28:39.6581	100	228.750046	4498.15234	319.459167	361.379547	3.758956	312.7	4495	264.9	48	50	20	20	19	-484.6	116.3	377.7
05/18/2022	14:28:40.6581	100	228.7366	4498.15137	319.4591	361.1069	3.66881251	312.8	4493	264.9	48	50	20	20	19	-490.5	131.5	367
05/18/2022	14:28:41.6581	100	228.728745	4498.151	319.4591	360.9714	3.58167243	312.8	4493	264.9	48	51	20	20	19	-491.3	138.3	360.6
05/18/2022	14:28:42.6581	100	228.731613	4498.152	319.4591	360.8658	3.54039741	312.6	4511	264.9	48	51	20	20	19	-495.4	153.2	350
05/18/2022	14:28:43.6581	100	228.715591	4498.15234	319.4591	360.863129	3.53388023	312.7	4511	264.9	48	51	20	20	19	-492.8	160.5	342.2
05/18/2022	14:28:44.6581	100	228.7069	4498.15137	319.4591	361.183075	3.56792974	312.6	4501	264.9	48	51	20	20	19	-494.1	169	334.3
05/18/2022	14:28:45.6581	100	228.698517	4498.152	319.459137	361.3221	3.5533843	312.6	4501	264.9	49	51	20	20	19	-493.6	180.5	324.1
05/18/2022	14:28:46.6581	100	228.682312	4498.15137	319.459167	361.334625	3.57187772	312.7	4498	264.9	49	51	20	20	19	-501.2	198.4	311
05/18/2022	14:28:47.6581	100	228.668762	4498.152	319.459076	361.4841	3.64543581	312.6	4497	264.9	49	51	20	20	19	-501.5	207.8	303.6
05/18/2022	14:28:48.6581	100	228.65834	4498.15137	319.459076	361.192566	3.63022	312.6	4497	264.9	49	52	20	20	19	-500.7	215.5	294.9
05/18/2022	14:28:49.6581	100	228.645645	4498.152	319.459137	360.8452	3.567872	312.5	4495	264.9	49	52	20	20	19	-502.9	226.1	384
05/18/2022	14:28:50.6581	100	228.641525	4498.152	319.4591	361.153046	3.51793	312.5	4495	264.9	49	52	20	20	19	-489.2	121.7	374.7
05/18/2022	14:28:51.6581	100	228.636978	4498.15332	319.459045	361.170532	3.548898	312.5	4495	264.9	49	52	20	20	19	-485.2	128	365.5
05/18/2022	14:28:52.6581	100	228.625488	4498.152	319.459167	361.1867	3.60547376	312.5	4495	264.9	50	52	20	20	19	-486	136.8	358.2
05/18/2022	14:28:53.6581	100	228.617859	4498.15137	319.459167	361.416229	3.616449	312.5	4493	264.9	50	53	20	20	19	-489.2	150.5	350.4
05/18/2022	14:28:54.6581	100	228.609482	4498.152	319.4591	361.677368	3.60458183	312.5	4492	264.9	50	53	20	20	19	-492.8	162.3	340.1
05/18/2022	14:28:55.6581	100	228.598038	4498.15234	319.459076	361.358917	3.6074574	312.4	4511	264.9	50	53	20	20	19	-495.4	172.3	332
05/18/2022	14:28:56.6581	100	228.590637	4498.152	319.459076	361.304443	3.61340761	312.4	4511	264.9	50	53	20	20	19	-491	177.5	323.4
05/18/2022	14:28:57.6581	100	228.59	4498.152	319.459	361.395081	3.61104655	312.4	4501	264.9	50	53	20	20	19	-498.8	195.5	312.2
05/18/2022	14:28:58.6581	100	228.5839	4498.153	319.458832	361.203125	3.62501454	312.4	4501	264.9	50	53	20	20	19	-499.7	202.4	304.9
05/18/2022	14:28:59.6581	100	228.576523	4498.15332	319.458923	361.040161	3.63267565	312.4	4497	264.9	51	53	20	20	19	-501.5	216.4	292.7
05/18/2022	14:29:00.6581	100	228.565033	4498.151	319.458954	360.902283	3.64252687	312.4	4498	264.9	51	54	20	20	19	-501.1	225.5	286.3
05/18/2022	14:29:01.6581	100	228.550644	4498.15137	319.4589	360.8057	3.64699435	312.4	4495	264.9	51	54	20	20	19	-505.7	242.1	372.5
05/18/2022	14:29:02.6581	100	228.539932	4498.152	319.458954	360.7399	3.651358	312.4	4495	264.9	51	54	20	20	19	-502.4	130.6	365.2
05/18/2022	14:29:03.6581	100	228.525375	4498.15039	319.459137	360.4376	3.65113282	312.3	4495	264.9	51	54	20	20	19	-487.3	139	360
05/18/2022	14:29:04.6581	100	228.5108	4498.14941	319.459045	360.41626	3.65657163	312.3	4495	264.9	51	54	20	20	19	-487.8	143.2	350.3
05/18/2022	14:29:05.6581	100	228.504715	4498.15137	319.459076	360.8722	3.67061329	312.4	4495	264.9	51	55	20	20	19	-488.7	151.8	341.6
05/18/2022	14:29:06.6581	100	228.498856	4498.15	319.459076	360.9345	3.68772149	312.3	4493	264.9	51	55	20	20	19	-490.9	169.8	331.6
05/18/2022	14:29:07.6581	100	228.483887	4498.15039	319.4591	360.933716	3.676189	312.3	4492	264.9	52	55	20	20	19	-494.8	182.8	320.8
05/18/2022	14:29:08.6581	100	228.4775	4498.152	319.459	361.259247	3.494106	312.2	4512	264.9	52	55	20	20	20	-492.6	188.3	312.5
05/18/2022	14:29:09.6581	100	228.469009	4498.15137	319.459045	361.395782	3.44637179	312.2	4501	264.9	52	55	20	20	19	-499.3	205.8	302.1
05/18/2022	14:29:10.6581	100	228.4561	4498.151	319.459045	360.974426	3.60377383	312.2	4501	264.9	52	56	20	20	19	-499.3	215	294
05/18/2022	14:29:11.6581	100	228.447342	4498.15332	319.459	361.1081	3.77946138	312.3	4501	264.9	52	56	20	20	19	-497.6	218.9	286.7
05/18/2022	14:29:12.6581	100	228.441376	4498.15332	319.458954	361.435059	3.78743815	312.3	4498	264.9	52	56	20	20	19	-498	229.1	379.8
05/18/2022	14:29:13.6581	100	228.430038	4498.15234	319.459	361.892883	3.7586937	312.2	4497	264.9	52	56	20	20	20	-487.3	132.4	366.7
05/18/2022	14:29:14.6581	100	228.425262	4498.153	319.459	361.5214	3.74434447	312.2	4495	264.9	53	56	20	20	19	-490	140.7	356.7
05/18/2022	14:29:15.6581	100	228.419571	4498.153	319.459	361.612579	3.740916	312.2	4495	264.9	53	57	20	20	20	-488.2	148.1	350
05/18/2022	14:29:16.6581	100	228.4129	4498.153	319.459	361.309845	3.74818873	312.1	4495	264.9	53	57	20	20	20	-488.1	153.7	344.1
05/18/2022	14:29:17.6581	100	228.402115	4498.15234	319.459045	361.1882	3.755923	312.2	4495	264.9	53	57	20	20	19	-490.9	168.2	332.8
05/18/2022	14:29:18.6581	100	228.393234	4498.15332	319.459137	360.59848	3.76543546	312.2	4493	264.9	53	58	20	20	20	-492.2	181.2	321.4
05/18/2022	14:29:19.6581	100	228.379471	4498.1543	319.459	360.6896	3.76815963	312.1	4493	264.9	53	58	20	20	20	-491.3	187	310.7
05/18/2022	14:29:20.6581	100	228.37207	4498.15527	319.459045	360.547638	3.77925348	312.1	4492	264.9	53	58	20	20	20	-495	197.7	304
05/18/2022	14:29:21.6581	100	228.353455	4498.1543	319.459076	360.8753	3.78922749	312.1	4511	264.9	54	58	20	20	20	-495.8	211.3	295.5
05/18/2022	14:29:22.6581	100	228.343033	4498.154	319.459137	360.608154	3.803461	312	4501	264.9	54	58	20	20	20	-496.7	220.2	287.1
05/18/2022	14:29:23.6581	100	228.335037	4498.154	319.459	360.871735	3.81281185	312	4501	264.9	54	58	20	20	20	-498.1	226.3	278.6
05/18/2022	14:29:24.6581	100	228.324249	4498.153	319.459076	360.967072	3.81727934	312.1	4501	264.9	54	58	20	20	20	-497.1	233.5	271.6
05/18/2022	14:29:25.6581	100	228.310165	4498.15234	319.459076	361.032928	3.82174683	312	4498	264.9	54	59	20	20	20	-497.7	133.9	358.5
05/18/2022	14:29:26.6581	100	228.305878	4498.15234	319.459076	360.63916	3.83555555	312	4495	264.9	54	59	20	20	20	-492.2	150.2	347.9
05/18/2022	14:36:42.2131	10	5.689814	118.489952	316.82077	0.41029	0.227287173	315.4	499	26.4	38	39	25	26	26	36.7	23.8	-64
05/18/2022	14:36:43.2131	10	10.1656933	218.3914	319.4336	1.90304	0.261353284	316.9	500	26.4	38	39	25	26	26	36.2	24.7	-63.1
05/18/2022	14:36:44.2131	10	14.68519	318.3451	319.457581	2.87984	0.27278176	317.5	502	26.4	38	39	25	26	26	38.4	22.4	-62.3
05/18/2022	14:36:45.2131	10	19.199379	418.296539	319.457855	3.37543	0.293202966	317.7	499	26.4	38	39	25	24	24	38.8	22.4	-63.2
05/18/2022	14:36:46.2131	10	22.09318	492.707428	319.459045	4.28796	0.3007296	317.7	501	26.4	38	39	24	23	23	36.2	22.5	-63.9
05/18/2022	14:36:47.2131	10	22.1395473	499.707062	319.459869	4.62124	0.35831067	317.8	498	26.4	38	39	23	23	22	39.4	19.5	-62.6
05/18/2022	14:36:48.2131	10	22.1395855	499.759125	319.4599	4.63471	0.357456416	317.8	500	26.4	38	39	22	22	22	39.8	21.6	-62.3
05/18/2022	14:36:49.2131	10	22.1336327	499.75708	319.4599	4.72786	0.406448841	317.8	499	26.4	38	39	22	21	21	40.3	19.9	-63
05/18/2022	14:36:50.2131	10	22.1322536	499.758545	319.4599	5.0068	0.3635579	317.8	499	26.4	38	39	21	21	21	41.2	20	-62.5
05/18/2022	14:36:51.2131	10	22.13628	499.76004	319.459961	5.06217	0.333144933	317.8	502	26.4	38	39	21	20	20	41.8	16	-63
05/18/2022	14:36:52.2131	100	42.5421028	607.4643	319.4221	8.53223	0.481091857	316.8	2302	259.1	38	39	21	21	20	553.3	-107.9	-433.7
05/18/2022	14:36:53.2131	100	87.71601	1092.85815	319.3799	47.14797	1.3397963	314.9	3505	264.9	38	39	22	22	22	-166.2	-398.9	572.6
05/18/2022	14:36:54.2131	100	134.261078	1691.11182	319.378418	108.413033	2.00378251	314	3505	264.9	38	39	23	24	23	-150.5	-409.7	563.1
05/18/2022	14:36:55.2131	100	180.816147	2290.864	319.378418	170.743668	2.31858563	313.7	3505	264.9	39	40	24	24	24	-147.5	-408.1	561.7
05/18/2022	14:36:56.2131	100	227.371948	2890.62354	319.3784	233.035522	2.40828228	313.5	3505	264.9	38	39	24	24	24	-145.7	-412.1	562.6
05/18/2022	14:36:57.2131	100	253.523178	3382.68384	319.416229	291.825867	2.427572	313.6	3506	264.9	38	39	24	24	24	-156.1	-407.6	566.8
05/18/2022	14:36:58.2131	100	254.901138	3497.052	319.4584	315.573181	2.51061916	313.6	3506	264.9	39	40	24	24	24	-160.3	-403.9	570.2
05/18/2022	14:36:59.2131	100	254.9084	3498.56348	319.459839	316.335846	2.57809353	313.5	3505	264.9	39	40	24	24	24	-161	-403.2	572.9
05/18/2022	14:37:00.2131	100	254.902023	3498.57056	319.4598	316.434845	2.60294771	313.5	3505	264.9	39	40	24	24	24	-167.4	-401.9	571.2
05/18/2022	14:37:01.2131	100	254.891846	3498.56958	319.459778	316.744	2.606792	313.5	3505	264.9	39	40	24	24	23	-157.1	-404.3	566.8
05/18/2022	14:37:02.2131	100	254.885757	3498.56787	319.4598	316.979248	2.575785	313.5	3505	264.9	39	41	24	24	23	-157.2	-402.6	564.7
05/18/2022	14:37:03.2131	100	253.6315	3515.1748	319.4578	317.284424	2.657285	313.8	3784	264.9	39	41	24	24	23	533.6	-299.1	-245.9
05/18/2022	14:37:04.2131	100	248.572449	3593.6084	319.457642	318.7132	2.53895974	313.2	4115	264.9	39	41	24	24	23	172.6	-467.2	293.4
05/18/2022	14:37:05.2131	100	243.888168	3738.87646	319.447662	322.501038	2.44464564	313	4442	264.9	39	41	24	23	23	-318.7	497.4	-175.6
05/18/2022	14:37:06.2131	100	238.384979	3933.886	319.4472	330.7917	2.94715357	312.2	4493	264.9	40	41	23	23	23	82.7	398.6	-494.1
05/18/2022	14:37:07.2131	100	232.907043	4133.766	319.4471	338.994476	3.22236133	311.8	4494	264.9	39	41	23	23	22	76.6	403.2	-492.2
05/18/2022	14:37:08.2131	100	228.672119	4317.075	319.448975	347.178284	3.23702216	311.7	4495	264.9	40	41	23	23	22	158.5	419.5	-481.8
05/18/2022	14:37:09.2131	100	228.232849	4438.557	319.449	354.544922	3.33710837	311.6	4497	264.9	40	41	23	23	22	145	346.2	-505.2
05/18/2022	14:37:10.2131	100	227.426422	4493.209	319.458832	359.210571	3.39101863	311.7	4506	264.9	40	42	23	23	22	123	372.5	-508.3
05/18/2022	14:37:11.2131	100	227.435944	4498.11768	319.459229	358.8804	3.35534787	311.6	4493	264.9	41	42	23	23	22	89.6	384.6	-486.4
05/18/2022	14:37:12.2131	100	227.430038	4498.15332	319.459167	358.77417	3.38985276	311.6	4495	264.9	41	42	23	23	22	79.3	405.1	-493.2
05/18/2022	14:37:13.2131	100	227.424744	4498.155	319.4591	358.919464	3.397116	311.6	4497	264.9	41	42	23	23	22	149.5	341	-508.3
05/18/2022	14:37:14.2131	100	227.42775	4498.1543	319.459076	358.884766	3.472969	311.5	4513	264.9	41	42	23	23	22	115.2	368.8	-495.1
05/18/2022	14:37:15.2131	100	227.424942	4498.153	319.459167	358.834442	3.45696926	311.6	4494	264.9	41	43	23	23	22	88.2	387.5	-490.2
05/18/2022	14:37:16.2131	100	227.426437	4498.15234	319.459137	359.0941	3.46725488	311.7	4495	264.9	41	43	23	23	22	181.5	324.2	-495
05/18/2022	14:37:17.2131	100	227.42366	4498.153	319.4591	359.3209	3.478995	311.7	4503	264.9	41	43	23	23	22	137.9	356.5	-508.8
05/18/2022	14:37:18.2131	100	227.416046	4498.153	319.459076	359.014618	3.50223947	311.6	4493	264.9	42	43	23	23	22	100.2	377.1	-491
05/18/2022	14:37:19.2131	100	227.409653	4498.152	319.459076	359.016724	3.52481318	311.5	4495	264.9	42	43	23	23	22	177.3	315.1	-482.5
05/18/2022	14:37:20.2131	100	227.405441	4498.15234	319.459076	359.1599	3.4814887	311.5	4513	264.9	42	43	23	23	22	123.6	359.1	-497.3
05/18/2022	14:37:21.2131	100	227.3956	4498.15234	319.458984	359.2902	3.45073557	311.5	4495	264.9	42	44	23	23	22	83.1	392.4	-487.6
05/18/2022	14:37:22.2131	100	227.38591	4498.153	319.459	359.141968	3.435359	311.6	4503	264.9	42	44	23	23	22	140.3	348.1	-503
05/18/2022	14:37:23.2131	100	227.379913	4498.152	319.459	359.119324	3.50478959	311.6	4494	264.9	42	44	23	23	22	92.7	382.8	-492.8
05/18/2022	14:37:24.2131	100	227.369385	4498.152	319.459	358.9051	3.539925	311.6	4512	264.9	43	44	23	23	22	143.7	349.6	-508.4
05/18/2022	14:37:25.2131	100	227.364868	4498.153	319.458923	358.680725	3.559382	311.5	4495	264.9	43	45	23	23	22	102.9	384.9	-497.3
05/18/2022	14:37:26.2131	100	227.3595	4498.151	319.4589	358.846222	3.59868288	311.5	4513	264.9	43	45	23	23	22	133.4	352.2	-500.4
05/18/2022	14:37:27.2131	100	227.348663	4498.15	319.4589	358.8688	3.57447529	311.5	4495	264.9	43	45	23	22	22	190.1	308.3	-512.8
05/18/2022	14:37:28.2131	100	227.33754	4498.15039	319.458954	358.642944	3.580455	311.5	4493	264.9	43	45	23	22	22	136.9	359.5	-508.4
05/18/2022	14:37:29.2131	100	227.324615	4498.15	319.459	358.80072	3.609063	311.6	4499	264.9	43	45	22	22	22	180.8	312.2	-508.5
05/18/2022	14:37:30.2131	100	227.3149	4498.15039	319.459076	358.961151	3.64741	311.6	4494	264.9	43	45	22	22	22	117.9	365.2	-495.9
05/18/2022	14:37:31.2131	100	227.312668	4498.15234	319.459076	358.756683	3.68543577	311.7	4496	264.9	44	46	22	22	22	197.5	297.2	-509.6
05/18/2022	14:37:32.2131	100	227.313477	4498.152	319.459137	358.817078	3.70674586	311.7	4494	264.9	44	46	22	22	22	130.7	364.8	-506.6
05/18/2022	14:37:33.2131	100	227.309036	4498.152	319.459137	359.088226	3.715981	311.6	4501	264.9	44	46	22	22	22	174.5	322.4	-510.6
05/18/2022	14:37:34.2131	100	227.306213	4498.15332	319.459137	359.000366	3.69115	311.6	4497	264.9	44	46	22	22	22	204.5	299.3	-519.8
05/18/2022	14:37:35.2131	100	227.298553	4498.152	319.4591	358.7844	3.5675993	311.6	4495	264.9	44	46	22	22	22	126.9	355.8	-496.8
05/18/2022	14:37:36.2131	100	227.285172	4498.15137	319.459259	358.601868	3.35627127	311.6	4507	264.9	45	47	22	22	22	172.2	329.4	-514.1
05/18/2022	14:37:37.2131	100	227.272324	4498.153	319.4592	358.6505	3.18611336	311.6	4495	264.9	45	47	22	22	22	220.2	282.2	-513.7
05/18/2022	14:37:38.2131	100	227.263824	4498.15234	319.459137	358.573242	3.10838056	311.6	4494	264.9	45	47	22	22	22	138.5	356	-510.2
05/18/2022	14:37:39.2131	100	227.2536	4498.152	319.4591	358.748077	3.081987	311.6	4492	264.9	45	47	22	22	22	154.3	335.8	-502.6
05/18/2022	14:37:40.2131	100	227.247345	4498.152	319.459076	358.9868	3.09250355	311.6	4503	264.9	45	48	22	22	22	188.7	309.1	-511.9
05/18/2022	14:37:41.2131	100	227.2356	4498.15234	319.458984	359.082855	3.2206068	311.6	4497	264.9	45	48	22	22	22	221.8	286.4	-521.7
05/18/2022	14:37:42.2131	100	227.2232	4498.15234	319.459	359.1726	3.40190458	311.7	4496	264.9	46	48	22	22	22	435.7	-430.3	-14.6
05/18/2022	14:37:43.2131	100	227.209244	4498.15	319.458923	359.390778	3.3842423	311.7	4495	264.9	46	48	22	22	22	143.9	342.6	-500.5
05/18/2022	14:37:44.2131	100	227.202621	4498.152	319.4589	359.3922	3.22536278	311.6	4487	264.9	46	48	22	22	22	468.4	-404.4	-75.4
05/18/2022	14:37:45.2131	100	227.191483	4498.15234	319.4589	359.1305	3.04938674	311.7	4502	264.9	46	48	22	22	22	209.7	297.3	-520.8
05/18/2022	14:37:46.2131	100	227.176	4498.153	319.458923	359.02063	2.98965645	311.7	4499	264.9	46	49	22	22	22	221.7	283.7	-518.5
05/18/2022	14:37:47.2131	100	227.164429	4498.153	319.458923	359.2107	2.98767281	311.6	4496	264.9	47	49	22	22	22	237.5	357	-498.2
05/18/2022	14:37:48.2131	100	227.163864	4498.155	319.459	359.169037	3.0144968	311.8	4495	264.9	47	49	22	22	22	139	344.9	-500.8
05/18/2022	14:37:49.2131	100	227.152069	4498.15332	319.458954	358.934082	3.04616618	311.7	4495	264.9	47	49	22	22	22	153.4	334	-502.6
05/18/2022	14:37:50.2131	100	227.144272	4498.15332	319.458984	359.128418	3.08457923	311.7	4492	264.9	47	49	22	22	22	183.4	311.9	-510.1
05/18/2022	14:37:51.2131	100	227.14534	4498.15234	319.458954	359.2402	3.13697076	311.7	4487	264.9	47	50	22	22	22	459.2	-414.1	-57.1
05/18/2022	14:37:52.2131	100	227.144241	4498.15234	319.458923	358.8139	3.23205829	311.7	4507	264.9	48	50	22	22	22	452.3	-420.3	-46.4
05/18/2022	14:37:53.2131	100	227.129715	4498.15234	319.4589	358.81424	3.357541	311.8	4507	264.9	48	50	22	22	22	449.3	-414.7	-45.9
05/18/2022	14:37:54.2131	100	227.12233	4498.15234	319.459	358.801422	3.47967625	311.7	4507	264.9	48	50	22	22	22	453.6	-405.3	-58.4
05/18/2022	14:37:55.2131	100	227.110947	4498.152	319.459	358.569641	3.55156612	311.8	4486	264.9	48	50	22	22	22	457	-413.3	-54.9
05/18/2022	14:37:56.2131	100	227.095322	4498.152	319.459	358.5016	3.57399035	311.8	4507	264.9	48	50	22	22	22	457	-423	-46.4
05/18/2022	14:37:57.2131	100	227.0822	4498.15137	319.458984	358.527435	3.55868316	311.8	4486	264.9	48	51	22	22	22	452.9	-425.6	-40.1
05/18/2022	14:37:58.2131	100	227.073029	4498.153	319.4591	358.581573	3.503803	311.9	4487	264.9	48	51	22	22	22	449.1	-410.2	-50.2
05/18/2022	14:37:59.2131	100	227.064468	4498.15234	319.4591	358.696655	3.433616	311.9	4487	264.9	48	51	22	22	22	450.7	-408.7	-52.3
05/18/2022	14:38:00.2131	100	227.052811	4498.152	319.459076	359.067627	3.34741139	311.9	4492	264.9	49	51	22	22	22	454.6	-411.2	-54.7
05/18/2022	14:38:01.2131	100	227.048782	4498.152	319.459045	359.210022	3.268852	311.9	4512	264.9	49	51	22	22	22	460.1	-420.9	-52
05/18/2022	14:38:02.2131	100	227.038467	4498.153	319.459137	359.2443	3.23522758	311.8	4493	264.9	49	51	22	22	22	454.8	-411.6	-56
05/18/2022	14:38:03.2131	100	227.033813	4498.15234	319.4591	359.354828	3.16595769	311.9	4495	264.9	49	51	22	22	22	462.8	-394.7	-79.7
05/18/2022	14:38:04.2131	100	227.025375	4498.15234	319.459076	359.5145	3.09281516	312	4494	264.9	49	52	22	22	22	401.2	-401.8	-80.8
05/18/2022	14:38:05.2131	100	227.020447	4498.15234	319.459045	359.284119	3.02268577	311.8	4497	264.9	49	52	22	22	22	408.7	-443.8	24.4
05/18/2022	14:38:06.2131	100	227.005646	4498.153	319.4591	359.107147	2.97406268	311.9	4496	264.9	50	52	22	22	22	419.9	-445.2	17.9
05/18/2022	14:38:07.2131	100	226.999054	4498.15332	319.4591	358.943542	2.931985	311.9	4507	264.9	50	52	22	22	22	438.2	-424.1	-26.6
05/18/2022	14:38:08.2131	100	226.983231	4498.15234	319.459	358.520782	2.88751769	312	4513	264.9	50	53	22	22	22	450.4	-421	-42.4
05/18/2022	14:38:09.2131	100	226.972458	4498.152	319.459	358.275482	2.87140441	312	4495	264.9	50	53	22	22	22	386.9	-399.6	-76.3
05/18/2022	14:38:10.2131	100	226.9642	4498.153	319.459	358.439484	2.84118	312	4496	264.9	50	53	22	22	22	399.6	-456.3	46.6
05/18/2022	14:38:11.2131	100	226.954514	4498.15234	319.459045	358.4182	2.84879923	312	4502	264.9	50	53	22	22	22	431.7	-444	2.2
05/18/2022	14:38:12.2131	100	226.9416	4498.152	319.458984	358.4741	2.86328149	312.1	4493	264.9	50	53	22	22	21	452.1	-421.3	-44.7
05/18/2022	14:38:13.2131	100	226.935822	4498.15137	319.459045	358.5507	2.88123775	312.1	4497	264.9	51	53	22	22	21	382.6	-451	-71.9
05/18/2022	14:38:14.2131	100	226.937775	4498.152	319.459045	358.7653	2.874323	312.1	4496	264.9	51	54	22	22	22	393.7	-453.3	52.4
05/18/2022	14:38:15.2131	100	226.924408	4498.152	319.4591	358.64447	2.85618734	312.2	4502	264.9	51	54	22	22	22	423.4	-433.7	2.6
05/18/2022	14:38:16.2131	100	226.917755	4498.152	319.459076	358.543182	2.86992455	312.2	4494	264.9	51	54	22	22	22	444.3	-417.2	-38.8
05/18/2022	14:38:17.2131	100	226.908829	4498.15234	319.4591	358.18277	2.89177728	312.2	4496	264.9	51	54	22	22	22	385.6	-465.6	70.2
05/18/2022	14:38:18.2131	100	226.899658	4498.15674	319.4592	358.397858	2.90372539	312.2	4499	264.9	51	55	22	22	21	414.1	-451.8	28.2
05/18/2022	14:38:19.2131	100	226.876572	4498.15674	319.459259	358.5883	2.91503263	312.3	4512	264.9	52	55	22	22	22	438.4	-429.1	-18.3
05/18/2022	14:38:20.2131	100	226.86734	4498.15625	319.45932	358.3892	2.941959	312.2	4495	264.9	52	55	22	22	22	370.4	-410.2	-48.2
05/18/2022	14:38:21.2131	100	226.860931	4498.15625	319.459259	358.344421	2.96741319	312.1	4496	264.9	52	55	22	22	22	397.2	-458.1	54
05/18/2022	14:38:22.2131	100	226.8527	4498.15625	319.45932	358.970032	2.987569	312.1	4506	264.9	52	55	22	22	21	428	-444.9	7.5
05/18/2022	14:38:23.2131	100	226.839661	4498.153	319.459229	358.923553	3.000452	312.2	4493	264.9	52	56	22	22	22	445	-419.6	-34.7
05/18/2022	14:38:24.2131	100	226.828659	4498.152	319.459137	358.579285	3.01094556	312.2	4497	264.9	52	56	22	22	22	381.7	-452.2	63.9
05/18/2022	14:38:25.2131	100	226.821747	4498.15137	319.459045	358.770477	3.04107523	312.3	4503	264.9	53	56	22	22	22	414.5	-442.4	19.6
05/18/2022	14:38:26.2131	100	226.807053	4498.152	319.459045	358.90744	3.05756617	312.3	4495	264.9	53	56	22	22	22	443.4	-426.9	-30.1
05/18/2022	14:38:27.2131	100	226.799942	4498.152	319.458984	358.75235	3.03120518	312.2	4496	264.9	53	57	22	22	21	387.2	-464.4	68
05/18/2022	14:38:28.2131	100	226.7961	4498.152	319.459	358.944946	2.99764681	312.3	4513	264.9	53	57	22	22	22	429	-439.5	1.6
05/18/2022	14:38:29.2131	100	226.794571	4498.152	319.459045	358.8781	3.03151679	312.3	4496	264.9	53	57	22	22	22	375.4	-466.1	80.1
05/18/2022	14:38:30.2131	100	226.787262	4498.153	319.459137	358.873749	3.08441114	312.2	4508	264.9	53	57	22	22	22	416	-437.3	9.5
05/18/2022	14:38:31.2131	100	226.781815	4498.153	319.459167	358.793121	3.0812943	312.3	4497	264.9	54	58	22	22	22	369.8	-459.5	83.4
05/18/2022	14:38:32.2131	100	226.77536	4498.15234	319.459229	358.646942	3.083729	312.5	4498	264.9	54	58	22	22	22	398.3	-457.9	51.4
05/18/2022	14:38:33.2131	100	226.762192	4498.152	319.4592	358.4619	3.09237647	312.4	4495	264.9	54	58	22	22	22	356.1	-419.7	-28.4
05/18/2022	14:38:34.2131	100	226.753281	4498.15234	319.459259	358.245636	3.11050057	312.3	4497	264.9	54	58	22	22	22	379.8	-459.5	66.4
05/18/2022	14:38:35.2131	100	226.741425	4498.15234	319.459259	358.272064	3.0826335	312.4	4494	264.9	54	58	22	22	22	424.9	-429.4	-4.9
05/18/2022	14:38:36.2131	100	226.7356	4498.152	319.4592	358.498627	3.105802	312.4	4497	264.9	54	59	22	22	22	373.9	-452.7	71.3
05/18/2022	14:38:37.2131	100	226.720078	4498.153	319.4592	358.350067	3.0876205	312.4	4493	264.9	54	58	22	22	22	431.6	-439.9	-4
05/18/2022	14:38:38.2131	100	226.7172	4498.153	319.4592	358.170044	3.10172725	312.3	4496	264.9	55	59	22	22	22	378.5	-466.9	75.1
05/18/2022	14:38:39.2131	100	226.707748	4498.15332	319.459167	358.50296	3.10149622	312.5	4493	264.9	55	59	22	22	22	425.9	-435.9	-1.7
05/18/2022	14:38:40.2131	100	226.698364	4498.15234	319.459137	358.29425	3.08439016	312.4	4499	264.9	55	59	22	22	22	384.8	-451.6	60.5
05/18/2022	14:38:41.2131	100	226.683823	4498.153	319.459137	358.1274	2.99681568	312.4	4496	264.9	55	59	22	22	22	363.1	-474.5	102.7
05/18/2022	14:38:42.2131	100	226.679214	4498.152	319.459167	358.3756	2.96720552	312.5	4507	264.9	55	60	22	22	22	406.1	-451.8	36.6
05/18/2022	14:38:43.2131	100	226.667023	4498.153	319.459137	358.589935	2.929586	312.5	4497	264.9	56	60	22	22	22	377.4	-464.2	73.1
05/18/2022	14:38:44.2131	100	226.657776	4498.15234	319.459137	358.688934	2.99577665	312.6	4494	264.9	56	60	22	22	22	426.8	-441.1	1.7
05/18/2022	14:38:45.2131	100	226.6515	4498.15234	319.4591	359.0789	3.231072	312.6	4502	264.9	56	60	22	22	22	386	-450.1	53.8
05/18/2022	14:38:46.2131	100	226.645737	4498.152	319.459076	359.1374	3.29670453	312.6	4496	264.9	56	61	22	22	22	366.1	-472.8	100.5
05/18/2022	14:38:47.2131	100	226.635147	4498.15234	319.459045	358.907318	3.21790552	312.6	4494	264.9	56	61	22	22	22	414.8	-436.5	13.3
05/18/2022	14:38:48.2131	100	226.626709	4498.152	319.4591	359.0715	3.226217	312.6	4506	264.9	56	61	22	22	22	396.7	-458.6	55.3
05/18/2022	14:38:49.2131	100	226.621872	4498.152	319.459045	359.151978	3.261611	312.6	4497	264.9	57	61	22	22	22	360	-463.9	93.2
05/18/2022	14:38:50.2131	100	226.61235	4498.15234	319.459045	358.817261	3.232347	312.6	4493	264.9	57	61	22	22	22	424	-446.9	16.7
05/18/2022	14:38:51.2131	100	226.600449	4498.15332	319.459	358.802521	3.20953727	312.6	4507	264.9	57	62	22	22	22	396.5	-449.9	43.3
05/18/2022	14:38:52.2131	100	226.59581	4498.152	319.458862	358.8673	3.17987967	312.6	4496	264.9	57	62	22	22	22	365.1	-476.2	101.1
05/18/2022	14:38:53.2131	100	226.5911	4498.152	319.4588	358.380157	3.187464	312.6	4499	264.9	58	62	22	22	22	355.6	-479.8	115.7
05/18/2022	14:38:54.2131	100	226.582458	4498.15039	319.4589	357.876984	3.17865181	312.7	4494	264.9	57	62	22	22	22	417.1	-439	13
05/18/2022	14:38:55.2131	100	226.574326	4498.151	319.458984	357.915466	3.16710043	312.7	4507	264.9	58	63	22	22	22	387.3	-456.3	59.5
05/18/2022	14:38:56.2131	100	226.570984	4498.15039	319.459	357.806763	3.13539338	312.6	4496	264.9	58	63	22	22	22	367.8	-473.1	92.1
05/18/2022	14:38:57.2131	100	226.560913	4498.15137	319.459259	358.0034	3.11716461	312.7	4497	264.9	58	63	22	22	22	349.5	-468.8	110.1
05/18/2022	14:38:58.2131	100	226.549316	4498.15137	319.459229	358.091919	3.11130857	312.7	4493	264.9	58	64	22	22	22	412.3	-443.3	24.3
05/18/2022	14:38:59.2131	100	226.5355	4498.153	319.459259	358.220764	3.12100554	312.7	4512	264.9	58	64	22	22	22	399.3	-458.4	45.5
05/18/2022	14:39:00.2131	100	226.52594	4498.15234	319.4592	358.3275	3.14403582	312.7	4512	264.9	58	64	22	22	22	385.9	-464.7	67.4
05/18/2022	14:39:01.2131	100	226.5144	4498.15234	319.459229	358.440521	3.172503	312.7	4502	264.9	59	64	22	22	22	373.6	-470.5	89.9
05/18/2022	14:39:02.2131	100	226.504349	4498.152	319.4591	358.291321	3.091984	312.7	4502	264.9	59	64	22	22	22	369.8	-475.2	98.1
05/18/2022	14:39:03.2131	100	226.493637	4498.153	319.459076	358.2965	3.08678937	312.7	4499	264.9	59	65	23	23	22	358.1	-472.5	105.3
05/18/2022	14:39:04.2131	100	226.48262	4498.15234	319.459045	358.503326	3.10392046	312.7	4499	264.9	59	65	22	22	22	347.5	-475.5	118.8
05/18/2022	14:39:05.2131	100	226.475418	4498.152	319.458954	358.363251	3.125023	312.7	4497	264.9	59	65	22	22	22	329.8	-439.2	16.3
05/18/2022	14:39:06.2131	100	226.4686	4498.152	319.459	358.4223	3.1335423	312.8	4494	264.9	60	66	23	23	22	393.4	-446.5	39.4
05/18/2022	14:39:07.2131	100	226.4649	4498.15332	319.459076	358.467133	3.13146424	312.8	4512	264.9	60	66	22	22	22	377.2	-457.7	71.8
05/18/2022	14:39:08.2131	100	226.46402	4498.152	319.459076	358.5161	3.12304878	312.8	4506	264.9	60	66	23	23	22	373.8	-467.5	88.3
05/18/2022	14:39:09.2131	100	226.4553	4498.151	319.4591	358.305084	3.13405013	312.8	4502	264.9	60	66	23	23	22	-338.7	-185	533.9
05/18/2022	14:39:10.2131	100	226.449524	4498.15137	319.459167	358.345551	3.1339767	312.8	4499	264.9	60	66	23	23	22	354.1	-476.6	115.9
05/18/2022	14:39:11.2131	100	226.437485	4498.15	319.459167	358.246521	3.14112663	312.7	4499	264.9	60	67	23	23	22	346.8	-476.3	122
05/18/2022	14:39:12.2131	100	226.427429	4498.15	319.459167	358.257	3.14995766	312.8	4499	264.9	61	67	23	23	22	-361.6	-156	528.5
05/18/2022	14:39:13.2131	100	226.4073	4498.15039	319.459229	357.882843	3.15120459	312.8	4499	264.9	61	67	23	23	22	338	-470.2	122.2
05/18/2022	14:39:14.2131	100	226.39917	4498.15137	319.459167	357.962524	3.134893	312.8	4499	264.9	61	67	23	23	22	332.3	-472.7	132.8
05/18/2022	14:39:15.2131	100	226.394363	4498.15137	319.459259	357.954224	3.12325668	312.8	4495	264.9	61	68	23	23	22	398	-459.9	52
05/18/2022	14:39:16.2131	100	226.382187	4498.15137	319.4593	357.726563	3.13767219	312.8	4497	264.9	61	68	23	23	22	320.9	-476.6	28.5
05/18/2022	14:39:17.2131	100	226.376541	4498.15137	319.4592	357.6718	3.15748453	312.8	4495	264.9	62	68	23	23	22	394.3	-448	43.7
05/18/2022	14:39:18.2131	100	226.371033	4498.15137	319.459137	358.1125	3.17084074	312.9	4494	264.9	62	69	23	23	22	-392.3	-225.2	525.3
05/18/2022	14:39:19.2131	100	226.358719	4498.152	319.459137	358.016	3.164503	312.9	4494	264.9	62	69	23	23	22	-302.6	-215.7	524.2
05/18/2022	14:39:20.2131	100	226.346558	4498.15234	319.4591	358.0589	3.146737	312.8	4512	264.9	62	69	23	23	22	369.6	-459.8	80.8
05/18/2022	14:39:21.2131	100	226.342911	4498.153	319.459045	358.128479	3.14106059	312.9	4506	264.9	62	69	23	23	22	-330.9	-187.1	525.5
05/18/2022	14:39:22.2131	100	226.324661	4498.15234	319.459167	357.9627	3.13114333	312.9	4507	264.9	63	69	23	23	22	-326.5	-184.9	521
05/18/2022	14:39:23.2131	100	226.320709	4498.152	319.459229	358.046051	3.14917278	312.8	4503	264.9	63	69	23	23	22	349.7	-465.7	106.3
05/18/2022	14:39:24.2131	100	226.319214	4498.152	319.459167	358.1576	3.16741228	312.8	4502	264.9	63	70	23	23	22	-345	-167.7	522.7
05/18/2022	14:39:25.2131	100	226.3076	4498.151	319.4592	357.840576	3.129906	312.8	4502	264.9	63	70	23	23	22	-342.1	-170.3	520.3
05/18/2022	14:39:26.2131	100	226.30217	4498.15137	319.459137	357.952667	3.12755418	312.8	4503	264.9	64	70	23	23	22	-343.7	-172.7	527.8
05/18/2022	14:39:27.2131	100	226.293457	4498.151	319.459	358.234	3.15135574	312.8	4506	264.9	64	70	23	23	22	-341.1	-177.3	526.9
05/18/2022	14:39:28.2131	100	226.284836	4498.151	319.459	358.1871	3.18838024	312.9	4506	264.9	64	71	23	23	22	-337.5	-178	524.3
05/18/2022	14:39:29.2131	100	226.27037	4498.15	319.459076	358.027679	3.20013928	312.9	4512	264.9	64	71	23	23	22	-327.2	-185	524.6
05/18/2022	14:39:30.2131	100	226.259933	4498.15	319.459	358.42746	3.20366025	312.8	4494	264.9	64	71	23	23	22	-315.2	-206.1	528.1
05/18/2022	14:39:31.2131	100	226.249786	4498.15039	319.459	358.5849	3.21676254	312.8	4497	264.9	64	71	23	23	22	-391.3	-109.5	509.7
05/18/2022	14:39:32.2131	100	226.242844	4498.152	319.4591	358.4666	3.23099637	312.8	4499	264.9	65	71	23	23	22	-391.2	-115.4	517.2
05/18/2022	14:39:33.2131	100	226.230255	4498.152	319.459167	358.209137	3.24106264	312.8	4499	264.9	65	72	23	23	22	-378.1	-122.9	511.5
05/18/2022	14:39:34.2131	100	226.228073	4498.152	319.459076	358.2421	3.250067	312.8	4499	264.9	65	72	23	23	22	-370.9	-143.7	524.3
05/18/2022	14:39:35.2131	100	226.220078	4498.152	319.459137	358.0037	3.25645065	312.9	4502	264.9	65	72	23	23	22	-349	-162.5	522.8
05/18/2022	14:39:36.2131	100	226.209152	4498.153	319.459167	357.899475	3.2547884	312.9	4512	264.9	65	72	23	23	22	-337.9	-183.8	530.3
05/18/2022	14:39:37.2131	100	226.201782	4498.152	319.459076	357.9883	3.266243	312.8	4493	264.9	66	72	23	23	22	-328.6	-190.4	524.3
05/18/2022	14:39:38.2131	100	226.192734	4498.152	319.458984	357.970459	3.269807	312.8	4495	264.9	66	73	23	23	22	-399.7	-95.2	531.7
05/18/2022	14:39:39.2131	100	226.183563	4498.153	319.459076	358.094971	3.27310228	312.8	4499	264.9	66	73	23	23	22	-394.5	-109	510.1
05/18/2022	14:39:40.2131	100	226.174545	4498.15332	319.459045	358.110565	3.283983	312.8	4499	264.9	66	73	23	23	22	-377.4	-129.5	513.8
